-120.02,44.073,0.11471,-0.030737,-0.021473,1,1,2
-119.97,44.203,0.11471,-0.030737,-0.021473,1,1,2
-119.92,44.333,0.11471,-0.030737,-0.021473,1,1,2
-119.88,44.464,0.11471,-0.030737,-0.021473,1,1,2
-119.83,44.594,0.11471,-0.030737,-0.021473,1,1,2
-119.78,44.724,0.11471,-0.030737,-0.021473,1,1,2
-119.73,44.855,0.11471,-0.030737,-0.021473,1,1,2
-119.68,44.985,0.11471,-0.030737,-0.021473,1,1,2
-119.63,45.115,0.11471,-0.030737,-0.021473,1,1,2
-119.58,45.245,0.11471,-0.030737,-0.021473,1,1,2
-119.53,45.375,0.11471,-0.030737,-0.021473,1,1,2
-119.48,45.506,0.11471,-0.030737,-0.021473,1,1,2
-119.42,45.636,0.11471,-0.030737,-0.021473,1,1,2
-119.37,45.766,0.11471,-0.030737,-0.021473,1,1,2
-119.84,44.037,0.029818,-0.0079898,-0.0062574,1,1,2
-119.79,44.168,0.029818,-0.0079898,-0.0062574,1,1,2
-119.74,44.298,0.029818,-0.0079898,-0.0062574,1,1,2
-119.69,44.428,0.029818,-0.0079898,-0.0062574,1,1,2
-119.64,44.559,0.029818,-0.0079898,-0.0062574,1,1,2
-119.59,44.689,0.029818,-0.0079898,-0.0062574,1,1,2
-119.54,44.819,0.029818,-0.0079898,-0.0062574,1,1,2
-119.49,44.949,0.029818,-0.0079898,-0.0062574,1,1,2
-119.44,45.079,0.029818,-0.0079898,-0.0062574,1,1,2
-119.39,45.209,0.029818,-0.0079898,-0.0062574,1,1,2
-119.34,45.34,0.029818,-0.0079898,-0.0062574,1,1,2
-119.29,45.47,0.029818,-0.0079898,-0.0062574,1,1,2
-119.24,45.6,0.029818,-0.0079898,-0.0062574,1,1,2
-119.19,45.73,0.029818,-0.0079898,-0.0062574,1,1,2
-119.66,44.002,-0.10565,0.028309,0.025256,1,1,2
-119.61,44.132,-0.10565,0.028309,0.025256,1,1,2
-119.56,44.263,-0.10565,0.028309,0.025256,1,1,2
-119.51,44.393,-0.10565,0.028309,0.025256,1,1,2
-119.46,44.523,-0.10565,0.028309,0.025256,1,1,2
-119.41,44.653,-0.10565,0.028309,0.025256,1,1,2
-119.36,44.783,-0.10565,0.028309,0.025256,1,1,2
-119.31,44.913,-0.10565,0.028309,0.025256,1,1,2
-119.26,45.043,-0.10565,0.028309,0.025256,1,1,2
-119.21,45.173,-0.10565,0.028309,0.025256,1,1,2
-119.16,45.303,-0.10565,0.028309,0.025256,1,1,2
-119.11,45.433,-0.10565,0.028309,0.025256,1,1,2
-119.05,45.563,-0.10565,0.028309,0.025256,1,1,2
-119,45.693,-0.10565,0.028309,0.025256,1,1,2
-119.48,43.967,-0.32749,0.08775,0.091113,1,1,2
-119.43,44.097,-0.32749,0.08775,0.091113,1,1,2
-119.38,44.227,-0.32749,0.08775,0.091113,1,1,2
-119.33,44.357,-0.32749,0.08775,0.091113,1,1,2
-119.28,44.487,-0.32749,0.08775,0.091113,1,1,2
-119.23,44.617,-0.32749,0.08775,0.091113,1,1,2
-119.18,44.747,-0.32749,0.08775,0.091113,1,1,2
-119.13,44.877,-0.32749,0.08775,0.091113,1,1,2
-119.08,45.007,-0.32749,0.08775,0.091113,1,1,2
-119.03,45.137,-0.32749,0.08775,0.091113,1,1,2
-118.97,45.267,-0.32749,0.08775,0.091113,1,1,2
-118.92,45.397,-0.32749,0.08775,0.091113,1,1,2
-118.87,45.527,-0.32749,0.08775,0.091113,1,1,2
-118.82,45.657,-0.32749,0.08775,0.091113,1,1,2
-119.3,43.931,-0.70376,0.18857,0.23498,1,1,2
-119.25,44.061,-0.70376,0.18857,0.23498,1,1,2
-119.2,44.191,-0.70376,0.18857,0.23498,1,1,2
-119.15,44.321,-0.70376,0.18857,0.23498,1,1,2
-119.1,44.451,-0.70376,0.18857,0.23498,1,1,2
-119.05,44.581,-0.70376,0.18857,0.23498,1,1,2
-119,44.711,-0.70376,0.18857,0.23498,1,1,2
-118.95,44.841,-0.70376,0.18857,0.23498,1,1,2
-118.89,44.971,-0.70376,0.18857,0.23498,1,1,2
-118.84,45.1,-0.70376,0.18857,0.23498,1,1,2
-118.79,45.23,-0.70376,0.18857,0.23498,1,1,2
-118.74,45.36,-0.70376,0.18857,0.23498,1,1,2
-118.68,45.49,-0.70376,0.18857,0.23498,1,1,2
-118.63,45.62,-0.70376,0.18857,0.23498,1,1,2
-119.12,43.894,-1.3669,0.36625,0.57407,1,1,2
-119.07,44.024,-1.3669,0.36625,0.57407,1,1,2
-119.02,44.154,-1.3669,0.36625,0.57407,1,1,2
-118.97,44.284,-1.3669,0.36625,0.57407,1,1,2
-118.92,44.414,-1.3669,0.36625,0.57407,1,1,2
-118.87,44.544,-1.3669,0.36625,0.57407,1,1,2
-118.81,44.674,-1.3669,0.36625,0.57407,1,1,2
-118.76,44.804,-1.3669,0.36625,0.57407,1,1,2
-118.71,44.934,-1.3669,0.36625,0.57407,1,1,2
-118.66,45.063,-1.3669,0.36625,0.57407,1,1,2
-118.61,45.193,-1.3669,0.36625,0.57407,1,1,2
-118.55,45.323,-1.3669,0.36625,0.57407,1,1,2
-118.5,45.453,-1.3669,0.36625,0.57407,1,1,2
-118.45,45.582,-1.3669,0.36625,0.57407,1,1,2
-118.94,43.858,-2.5414,0.68095,1.4535,1,1,2
-118.89,43.988,-2.5414,0.68095,1.4535,1,1,2
-118.84,44.118,-2.5414,0.68095,1.4535,1,1,2
-118.79,44.248,-2.5414,0.68095,1.4535,1,1,2
-118.74,44.377,-2.5414,0.68095,1.4535,1,1,2
-118.68,44.507,-2.5414,0.68095,1.4535,1,1,2
-118.63,44.637,-2.5414,0.68095,1.4535,1,1,2
-118.58,44.767,-2.5414,0.68095,1.4535,1,1,2
-118.53,44.897,-2.5414,0.68095,1.4535,1,1,2
-118.48,45.026,-2.5414,0.68095,1.4535,1,1,2
-118.42,45.156,-2.5414,0.68095,1.4535,1,1,2
-118.37,45.285,-2.5414,0.68095,1.4535,1,1,2
-118.32,45.415,-2.5414,0.68095,1.4535,1,1,2
-118.26,45.545,-2.5414,0.68095,1.4535,1,1,2
-118.76,43.821,-4.1582,1.1142,3.7272,1,1,2
-118.71,43.951,-4.1582,1.1142,3.7272,1,1,2
-118.66,44.081,-4.1582,1.1142,3.7272,1,1,2
-118.61,44.211,-4.1582,1.1142,3.7272,1,1,2
-118.56,44.34,-4.1582,1.1142,3.7272,1,1,2
-118.5,44.47,-4.1582,1.1142,3.7272,1,1,2
-118.45,44.6,-4.1582,1.1142,3.7272,1,1,2
-118.4,44.729,-4.1582,1.1142,3.7272,1,1,2
-118.35,44.859,-4.1582,1.1142,3.7272,1,1,2
-118.29,44.989,-4.1582,1.1142,3.7272,1,1,2
-118.24,45.118,-4.1582,1.1142,3.7272,1,1,2
-118.19,45.248,-4.1582,1.1142,3.7272,1,1,2
-118.13,45.377,-4.1582,1.1142,3.7272,1,1,2
-118.08,45.507,-4.1582,1.1142,3.7272,1,1,2
-118.58,43.784,-4.0516,1.0856,6.2232,1,1,2
-118.53,43.914,-4.0516,1.0856,6.2232,1,1,2
-118.48,44.044,-4.0516,1.0856,6.2232,1,1,2
-118.43,44.173,-4.0516,1.0856,6.2232,1,1,2
-118.37,44.303,-4.0516,1.0856,6.2232,1,1,2
-118.32,44.433,-4.0516,1.0856,6.2232,1,1,2
-118.27,44.562,-4.0516,1.0856,6.2232,1,1,2
-118.22,44.692,-4.0516,1.0856,6.2232,1,1,2
-118.16,44.821,-4.0516,1.0856,6.2232,1,1,2
-118.11,44.951,-4.0516,1.0856,6.2232,1,1,2
-118.06,45.08,-4.0516,1.0856,6.2232,1,1,2
-118,45.21,-4.0516,1.0856,6.2232,1,1,2
-117.95,45.339,-4.0516,1.0856,6.2232,1,1,2
-117.89,45.469,-4.0516,1.0856,6.2232,1,1,2
-118.4,43.747,-3.222,0.86333,3.8918,1,1,2
-118.35,43.877,-3.222,0.86333,3.8918,1,1,2
-118.3,44.006,-3.222,0.86333,3.8918,1,1,2
-118.25,44.136,-3.222,0.86333,3.8918,1,1,2
-118.19,44.265,-3.222,0.86333,3.8918,1,1,2
-118.14,44.395,-3.222,0.86333,3.8918,1,1,2
-118.09,44.524,-3.222,0.86333,3.8918,1,1,2
-118.04,44.654,-3.222,0.86333,3.8918,1,1,2
-117.98,44.783,-3.222,0.86333,3.8918,1,1,2
-117.93,44.913,-3.222,0.86333,3.8918,1,1,2
-117.87,45.042,-3.222,0.86333,3.8918,1,1,2
-117.82,45.172,-3.222,0.86333,3.8918,1,1,2
-117.77,45.301,-3.222,0.86333,3.8918,1,1,2
-117.71,45.43,-3.222,0.86333,3.8918,1,1,2
-118.22,43.709,-3.2179,0.86225,0.30699,1,1,2
-118.17,43.839,-3.2179,0.86225,0.30699,1,1,2
-118.12,43.968,-3.2179,0.86225,0.30699,1,1,2
-118.07,44.098,-3.2179,0.86225,0.30699,1,1,2
-118.01,44.227,-3.2179,0.86225,0.30699,1,1,2
-117.96,44.357,-3.2179,0.86225,0.30699,1,1,2
-117.91,44.486,-3.2179,0.86225,0.30699,1,1,2
-117.85,44.616,-3.2179,0.86225,0.30699,1,1,2
-117.8,44.745,-3.2179,0.86225,0.30699,1,1,2
-117.75,44.874,-3.2179,0.86225,0.30699,1,1,2
-117.69,45.004,-3.2179,0.86225,0.30699,1,1,2
-117.64,45.133,-3.2179,0.86225,0.30699,1,1,2
-117.58,45.262,-3.2179,0.86225,0.30699,1,1,2
-117.53,45.391,-3.2179,0.86225,0.30699,1,1,2
-118.05,43.671,-3.6494,0.97787,-2.8059,1,1,2
-117.99,43.801,-3.6494,0.97787,-2.8059,1,1,2
-117.94,43.93,-3.6494,0.97787,-2.8059,1,1,2
-117.89,44.06,-3.6494,0.97787,-2.8059,1,1,2
-117.83,44.189,-3.6494,0.97787,-2.8059,1,1,2
-117.78,44.319,-3.6494,0.97787,-2.8059,1,1,2
-117.73,44.448,-3.6494,0.97787,-2.8059,1,1,2
-117.67,44.577,-3.6494,0.97787,-2.8059,1,1,2
-117.62,44.706,-3.6494,0.97787,-2.8059,1,1,2
-117.56,44.836,-3.6494,0.97787,-2.8059,1,1,2
-117.51,44.965,-3.6494,0.97787,-2.8059,1,1,2
-117.45,45.094,-3.6494,0.97787,-2.8059,1,1,2
-117.4,45.223,-3.6494,0.97787,-2.8059,1,1,2
-117.34,45.352,-3.6494,0.97787,-2.8059,1,1,2
-117.87,43.633,-4.4361,1.1887,-3.54,1,1,2
-117.81,43.763,-4.4361,1.1887,-3.54,1,1,2
-117.76,43.892,-4.4361,1.1887,-3.54,1,1,2
-117.71,44.021,-4.4361,1.1887,-3.54,1,1,2
-117.65,44.151,-4.4361,1.1887,-3.54,1,1,2
-117.6,44.28,-4.4361,1.1887,-3.54,1,1,2
-117.55,44.409,-4.4361,1.1887,-3.54,1,1,2
-117.49,44.538,-4.4361,1.1887,-3.54,1,1,2
-117.44,44.668,-4.4361,1.1887,-3.54,1,1,2
-117.38,44.797,-4.4361,1.1887,-3.54,1,1,2
-117.33,44.926,-4.4361,1.1887,-3.54,1,1,2
-117.27,45.055,-4.4361,1.1887,-3.54,1,1,2
-117.22,45.184,-4.4361,1.1887,-3.54,1,1,2
-117.16,45.313,-4.4361,1.1887,-3.54,1,1,2
-117.69,43.595,-4.2859,1.1484,-2.569,1,1,2
-117.64,43.724,-4.2859,1.1484,-2.569,1,1,2
-117.58,43.854,-4.2859,1.1484,-2.569,1,1,2
-117.53,43.983,-4.2859,1.1484,-2.569,1,1,2
-117.47,44.112,-4.2859,1.1484,-2.569,1,1,2
-117.42,44.241,-4.2859,1.1484,-2.569,1,1,2
-117.37,44.37,-4.2859,1.1484,-2.569,1,1,2
-117.31,44.499,-4.2859,1.1484,-2.569,1,1,2
-117.26,44.629,-4.2859,1.1484,-2.569,1,1,2
-117.2,44.758,-4.2859,1.1484,-2.569,1,1,2
-117.15,44.887,-4.2859,1.1484,-2.569,1,1,2
-117.09,45.016,-4.2859,1.1484,-2.569,1,1,2
-117.03,45.144,-4.2859,1.1484,-2.569,1,1,2
-116.98,45.273,-4.2859,1.1484,-2.569,1,1,2
-117.51,43.556,-3.6068,0.96643,-1.6461,1,1,2
-117.46,43.685,-3.6068,0.96643,-1.6461,1,1,2
-117.4,43.815,-3.6068,0.96643,-1.6461,1,1,2
-117.35,43.944,-3.6068,0.96643,-1.6461,1,1,2
-117.3,44.073,-3.6068,0.96643,-1.6461,1,1,2
-117.24,44.202,-3.6068,0.96643,-1.6461,1,1,2
-117.19,44.331,-3.6068,0.96643,-1.6461,1,1,2
-117.13,44.46,-3.6068,0.96643,-1.6461,1,1,2
-117.08,44.589,-3.6068,0.96643,-1.6461,1,1,2
-117.02,44.718,-3.6068,0.96643,-1.6461,1,1,2
-116.96,44.847,-3.6068,0.96643,-1.6461,1,1,2
-116.91,44.976,-3.6068,0.96643,-1.6461,1,1,2
-116.85,45.105,-3.6068,0.96643,-1.6461,1,1,2
-116.8,45.233,-3.6068,0.96643,-1.6461,1,1,2
-117.33,43.517,-2.9424,0.78842,-1.0719,1,1,2
-117.28,43.646,-2.9424,0.78842,-1.0719,1,1,2
-117.23,43.776,-2.9424,0.78842,-1.0719,1,1,2
-117.17,43.905,-2.9424,0.78842,-1.0719,1,1,2
-117.12,44.034,-2.9424,0.78842,-1.0719,1,1,2
-117.06,44.163,-2.9424,0.78842,-1.0719,1,1,2
-117.01,44.292,-2.9424,0.78842,-1.0719,1,1,2
-116.95,44.42,-2.9424,0.78842,-1.0719,1,1,2
-116.9,44.549,-2.9424,0.78842,-1.0719,1,1,2
-116.84,44.678,-2.9424,0.78842,-1.0719,1,1,2
-116.78,44.807,-2.9424,0.78842,-1.0719,1,1,2
-116.73,44.936,-2.9424,0.78842,-1.0719,1,1,2
-116.67,45.065,-2.9424,0.78842,-1.0719,1,1,2
-116.61,45.193,-2.9424,0.78842,-1.0719,1,1,2
-117.16,43.478,-2.4175,0.64775,-0.73067,1,1,2
-117.1,43.607,-2.4175,0.64775,-0.73067,1,1,2
-117.05,43.736,-2.4175,0.64775,-0.73067,1,1,2
-116.99,43.865,-2.4175,0.64775,-0.73067,1,1,2
-116.94,43.994,-2.4175,0.64775,-0.73067,1,1,2
-116.88,44.123,-2.4175,0.64775,-0.73067,1,1,2
-116.83,44.252,-2.4175,0.64775,-0.73067,1,1,2
-116.77,44.381,-2.4175,0.64775,-0.73067,1,1,2
-116.71,44.509,-2.4175,0.64775,-0.73067,1,1,2
-116.66,44.638,-2.4175,0.64775,-0.73067,1,1,2
-116.6,44.767,-2.4175,0.64775,-0.73067,1,1,2
-116.55,44.896,-2.4175,0.64775,-0.73067,1,1,2
-116.49,45.024,-2.4175,0.64775,-0.73067,1,1,2
-116.43,45.153,-2.4175,0.64775,-0.73067,1,1,2
-116.98,43.439,-2.0198,0.5412,-0.52126,1,1,2
-116.92,43.568,-2.0198,0.5412,-0.52126,1,1,2
-116.87,43.696,-2.0198,0.5412,-0.52126,1,1,2
-116.81,43.825,-2.0198,0.5412,-0.52126,1,1,2
-116.76,43.954,-2.0198,0.5412,-0.52126,1,1,2
-116.7,44.083,-2.0198,0.5412,-0.52126,1,1,2
-116.65,44.212,-2.0198,0.5412,-0.52126,1,1,2
-116.59,44.34,-2.0198,0.5412,-0.52126,1,1,2
-116.54,44.469,-2.0198,0.5412,-0.52126,1,1,2
-116.48,44.598,-2.0198,0.5412,-0.52126,1,1,2
-116.42,44.726,-2.0198,0.5412,-0.52126,1,1,2
-116.36,44.855,-2.0198,0.5412,-0.52126,1,1,2
-116.31,44.984,-2.0198,0.5412,-0.52126,1,1,2
-116.25,45.112,-2.0198,0.5412,-0.52126,1,1,2
-116.8,43.399,-1.7176,0.46024,-0.38673,1,1,2
-116.75,43.528,-1.7176,0.46024,-0.38673,1,1,2
-116.69,43.657,-1.7176,0.46024,-0.38673,1,1,2
-116.64,43.785,-1.7176,0.46024,-0.38673,1,1,2
-116.58,43.914,-1.7176,0.46024,-0.38673,1,1,2
-116.52,44.043,-1.7176,0.46024,-0.38673,1,1,2
-116.47,44.171,-1.7176,0.46024,-0.38673,1,1,2
-116.41,44.3,-1.7176,0.46024,-0.38673,1,1,2
-116.36,44.429,-1.7176,0.46024,-0.38673,1,1,2
-116.3,44.557,-1.7176,0.46024,-0.38673,1,1,2
-116.24,44.686,-1.7176,0.46024,-0.38673,1,1,2
-116.18,44.814,-1.7176,0.46024,-0.38673,1,1,2
-116.13,44.943,-1.7176,0.46024,-0.38673,1,1,2
-116.07,45.071,-1.7176,0.46024,-0.38673,1,1,2
